### $Id: MathAchSchool.R,v 1.3 2000/07/03 18:22:44 bates Exp $
### School-level demographic data to accompany MathAchieve data
### Data cited in Bryk and Raudenbush (1992), chapter 4.  A subsample
### of the 1982 High School and Beyond Survey.
"MathAchSchool" <-
  structure(list(
  School = structure(factor(c(1, 2, 3, 4, 5, 6, 
    7, 8, 9, 10, 11, 12, 13, 14, 15, 16, 17, 18, 19, 20, 21, 22, 
    23, 24, 25, 26, 27, 28, 29, 30, 31, 32, 33, 34, 35, 36, 37, 38, 
    39, 40, 41, 42, 43, 44, 45, 46, 47, 48, 49, 50, 51, 52, 53, 54, 
    55, 56, 57, 58, 59, 60, 61, 62, 63, 64, 65, 66, 67, 68, 69, 70, 
    71, 72, 73, 74, 75, 76, 77, 78, 79, 80, 81, 82, 83, 84, 85, 86, 
    87, 88, 89, 90, 91, 92, 93, 94, 95, 96, 97, 98, 99, 100, 101, 
    102, 103, 104, 105, 106, 107, 108, 109, 110, 111, 112, 113, 114, 
    115, 116, 117, 118, 119, 120, 121, 122, 123, 124, 125, 126, 127, 
    128, 129, 130, 131, 132, 133, 134, 135, 136, 137, 138, 139, 140, 
    141, 142, 143, 144, 145, 146, 147, 148, 149, 150, 151, 152, 153, 
    154, 155, 156, 157, 158, 159, 160), levels=1:160),
    class = "factor",
    .Label = c("1224", 
      "1288", "1296", "1308", "1317", "1358", "1374", "1433", "1436", 
      "1461", "1462", "1477", "1499", "1637", "1906", "1909", "1942", 
      "1946", "2030", "2208", "2277", "2305", "2336", "2458", "2467", 
      "2526", "2626", "2629", "2639", "2651", "2655", "2658", "2755", 
      "2768", "2771", "2818", "2917", "2990", "2995", "3013", "3020", 
      "3039", "3088", "3152", "3332", "3351", "3377", "3427", "3498", 
      "3499", "3533", "3610", "3657", "3688", "3705", "3716", "3838", 
      "3881", "3967", "3992", "3999", "4042", "4173", "4223", "4253", 
      "4292", "4325", "4350", "4383", "4410", "4420", "4458", "4511", 
      "4523", "4530", "4642", "4868", "4931", "5192", "5404", "5619", 
      "5640", "5650", "5667", "5720", "5761", "5762", "5783", "5815", 
      "5819", "5838", "5937", "6074", "6089", "6144", "6170", "6291", 
      "6366", "6397", "6415", "6443", "6464", "6469", "6484", "6578", 
      "6600", "6808", "6816", "6897", "6990", "7011", "7101", "7172", 
      "7232", "7276", "7332", "7341", "7342", "7345", "7364", "7635", 
      "7688", "7697", "7734", "7890", "7919", "8009", "8150", "8165", 
      "8175", "8188", "8193", "8202", "8357", "8367", "8477", "8531", 
      "8627", "8628", "8707", "8775", "8800", "8854", "8857", "8874", 
      "8946", "8983", "9021", "9104", "9158", "9198", "9225", "9292", 
      "9340", "9347", "9359", "9397", "9508", "9550", "9586")),
Size = c(842, 
  1855, 1719, 716, 455, 1430, 2400, 899, 185, 1672, 530, 531, 1921, 
  100, 400, 1357, 959, 1646, 1332, 1061, 773, 485, 1523, 545, 488, 
  572, 2142, 1314, 2713, 1524, 2475, 780, 270, 1680, 415, 760, 
  2194, 963, 365, 760, 457, 686, 1960, 1313, 2212, 1125, 2031, 
  687, 388, 509, 1015, 1431, 1137, 375, 670, 2357, 1635, 1881, 
  1061, 1114, 1910, 940, 801, 663, 510, 1328, 1217, 1661, 1061, 
  100, 728, 643, 1068, 393, 435, 493, 657, 603, 258, 700, 1118, 
  1152, 720, 810, 381, 215, 1826, 1832, 949, 1302, 1627, 1153, 
  2051, 594, 1608, 2126, 1037, 1566, 1234, 296, 1061, 1453, 565, 
  726, 336, 299, 1700, 745, 1415, 1650, 100, 2403, 280, 1154, 1630, 
  737, 570, 1220, 978, 1500, 1495, 1410, 1734, 1580, 311, 1451, 
  716, 868, 1346, 1016, 1896, 106, 1436, 2070, 153, 1400, 2190, 
  2452, 652, 1133, 667, 296, 745, 1069, 2650, 204, 1061, 472, 1299, 
  822, 833, 1951, 2350, 257, 1067, 1184, 1314, 1119, 1532, 262),
Sector = structure(factor(c(1, 
  1, 1, 2, 2, 1, 1, 2, 2, 1, 2, 2, 1, 1, 2, 1, 1, 1, 1, 2, 2, 2, 
  1, 2, 1, 2, 1, 2, 1, 1, 1, 2, 2, 1, 1, 1, 1, 2, 1, 1, 2, 2, 1, 
  1, 1, 1, 1, 2, 2, 2, 2, 2, 1, 2, 2, 1, 2, 1, 1, 2, 1, 2, 2, 2, 
  2, 2, 1, 1, 1, 1, 1, 1, 2, 2, 2, 1, 2, 2, 2, 2, 2, 1, 2, 2, 2, 
  2, 1, 1, 1, 1, 1, 1, 2, 1, 1, 1, 1, 2, 1, 1, 1, 1, 2, 1, 2, 1, 
  1, 2, 1, 1, 2, 1, 2, 1, 1, 2, 1, 2, 1, 2, 2, 2, 1, 1, 1, 1, 2, 
  2, 2, 1, 1, 2, 1, 1, 1, 1, 1, 1, 2, 1, 1, 2, 1, 2, 1, 1, 1, 2, 
  2, 1, 2, 1, 1, 1, 2, 2, 1, 2, 1, 2), levels=1:2),
  class = "factor", .Label = c("Public", "Catholic")),
PRACAD = c(0.35, 0.27, 0.32, 0.96, 0.95, 0.25, 0.5, 0.96, 
  1, 0.78, 0.46, 0.81, 0.09, 0.1, 0.87, 0.45, 0.78, 0.38, 0.4, 
  0.68, 0.67, 0.69, 0.63, 0.89, 0.23, 0.97, 0.4, 0.81, 0.14, 0.22, 
  0.35, 0.79, 0.96, 0.31, 0.24, 0.41, 0.05, 0.8, 0.18, 0.56, 0.56, 
  1, 0.38, 0.59, 0.55, 0.35, 0.18, 1, 0.92, 0.7, 0.54, 0.8, 0.31, 
  0.91, 0.71, 0.5, 0.85, 0.33, 0.46, 0.73, 0.41, 0.83, 0.65, 0.3, 
  0.6, 0.76, 0.41, 0.62, 0.54, 0.38, 0.32, 0.5, 0.52, 0.69, 0.6, 
  0.43, 1, 0.79, 0.37, 0.9, 0.77, 0.41, 0.6, 0.59, 0.65, 0.63, 
  0.24, 0.54, 0.19, 0.41, 0.53, 0.58, 0.32, 0.53, 0.17, 0.25, 0.26, 
  0.81, 0.32, 0.48, 0.1, 0.25, 1, 0.19, 0.19, 0.28, 0.18, 0.96, 
  0.55, 0.59, 0.44, 0.39, 0.05, 0.2, 0.3, 0.53, 0.14, 0.46, 0.64, 
  0.35, 0.48, 0.65, 0.2, 0.4, 0.21, 0.5, 0.68, 0.67, 0.6, 0.42, 
  0.25, 1, 0.39, 0.5, 0, 0.24, 0.58, 0.25, 0.66, 0.48, 0.28, 0.3, 
  0.18, 0.65, 0.2, 0.44, 0.27, 0.82, 0.97, 0.43, 0.97, 0.56, 0.13, 
  0.47, 0.58, 0.69, 0.44, 0.52, 0.45, 1),
DISCLIM = c(1.597, 0.174, 
  -0.137, -0.622, -1.694, 1.535, 2.016, -0.321, -1.141, 2.096, 
  -0.287, -0.729, 0.682, 1.215, -0.939, 0.875, 0.159, 0.439, 0.677, 
  -0.864, -0.725, -1.382, 0.156, -1.484, 0.207, -2.154, 0.142, 
  -0.613, -0.282, 1.136, -0.378, -0.961, -0.354, 0.086, 1.048, 
  1.541, 0.08, -0.434, 0.422, -0.213, -0.299, -1.236, 0.195, 1.098, 
  -0.048, 0.383, 0.664, -1.262, -1.556, -0.039, 0.022, -0.621, 
  -0.216, -1.521, -0.165, 1.297, -0.255, 0.84, -1.059, -1.534, 
  0.838, -0.94, -0.755, -0.967, -0.455, -0.674, 0.349, 0.512, 1.065, 
  0.673, 0.877, 0.715, -1.872, -0.784, -0.245, -0.086, -0.219, 
  -1.172, -0.36, -0.746, -1.286, 0.256, -0.07, -0.533, -0.352, 
  -0.892, 0.364, 0.46, 1.749, -0.26, 0.138, -0.142, -1.018, -0.965, 
  1.329, 0.432, -0.303, -0.667, 0.642, 1.04, -0.42, 2.756, -0.865, 
  0.218, -0.874, -0.432, 1.669, -1.886, -0.361, 0.475, 0.1, 1.024, 
  1.013, 0.975, 0.109, -0.864, 0.583, 0.38, 0.336, -1.523, -0.397, 
  -0.575, 0.279, 2.027, 0.845, -0.402, -0.933, -0.057, -0.37, 1.033, 
  1.695, -1.186, 1.373, 0.244, 1.793, -0.001, 0.132, 0.742, -0.367, 
  1.542, 1.783, -1.142, -0.228, -1.718, 1.742, 0.335, 0.079, -0.817, 
  -0.718, 0.735, -1.225, 0.048, 2.043, 0.274, -0.905, -0.475, -0.231, 
  -1.138, 0.791, -2.416),
HIMINTY = structure(factor(c(1, 1, 2, 
  1, 2, 1, 1, 1, 1, 1, 2, 1, 2, 2, 1, 1, 1, 1, 1, 1, 2, 2, 1, 2, 
  1, 1, 1, 1, 2, 1, 2, 1, 1, 1, 1, 1, 2, 2, 1, 1, 1, 2, 2, 1, 1, 
  2, 2, 1, 1, 2, 1, 1, 1, 1, 2, 2, 2, 1, 1, 2, 2, 1, 1, 1, 2, 2, 
  1, 1, 1, 1, 1, 2, 1, 2, 2, 1, 1, 1, 1, 1, 1, 1, 2, 1, 1, 1, 2, 
  1, 1, 1, 1, 1, 1, 1, 1, 2, 2, 1, 2, 1, 1, 2, 1, 1, 1, 1, 2, 2, 
  1, 2, 1, 1, 2, 1, 1, 1, 1, 2, 2, 1, 1, 1, 1, 2, 1, 1, 1, 1, 1, 
  2, 1, 1, 1, 1, 1, 1, 1, 1, 1, 1, 1, 2, 1, 2, 1, 1, 1, 1, 1, 1, 
  1, 1, 2, 1, 1, 1, 1, 1, 1, 1), levels=1:2),
  class = "factor", .Label = c("0", "1")),