### $Id: Milk.R,v 1.1 2000/03/17 22:21:21 saikat Exp $
### Milk production under different diets
### Diggle, Liang and Zeger (1994), Table 1.3, pp. 9-11
"Milk" <-
  structure(list
  (protein = c(3.63, 3.57, 3.47, 3.65, 3.89, 3.73, 
     3.77, 3.9, 3.78, 3.82, 3.83, 3.71, 4.1, 4.02, 4.13, 4.08, 4.22, 
     4.44, 4.3, 3.24, 3.25, 3.29, 3.09, 3.38, 3.33, 3, 3.16, 3.34, 
     3.32, 3.31, 3.27, 3.41, 3.45, 3.12, 3.42, 3.4, 3.17, 3, 3.98, 
     3.6, 3.43, 3.3, 3.29, 3.25, 2.93, 3.2, 3.27, 3.22, 2.93, 2.92, 
     2.82, 2.64, 3.66, 3.5, 3.05, 2.9, 2.72, 3.11, 3.05, 2.8, 3.2, 
     3.18, 3.14, 3.18, 3.24, 3.37, 3.3, 3.4, 3.35, 3.28, 4.34, 3.76, 
     3.68, 3.51, 3.45, 3.53, 3.6, 3.77, 3.9, 3.87, 3.61, 3.85, 3.94, 
     3.87, 3.6, 3.06, 3.47, 3.5, 3.42, 4.36, 3.71, 3.42, 3.95, 4.06, 
     3.73, 3.92, 3.99, 3.7, 3.88, 3.71, 3.62, 3.74, 3.42, 4.17, 3.6, 
     3.52, 3.1, 3.78, 3.42, 3.66, 3.64, 3.83, 3.73, 3.72, 3.65, 3.5, 
     3.32, 2.95, 3.34, 3.51, 3.17, 4.4, 3.86, 3.56, 3.32, 3.64, 3.57, 
     3.47, 3.97, 3.78, 3.98, 3.9, 4.05, 4.06, 4.05, 3.92, 3.65, 3.6, 
     3.74, 3.4, 3.42, 3.51, 3.39, 3.35, 3.13, 3.21, 3.5, 3.55, 3.28, 
     3.75, 3.55, 3.53, 3.52, 3.77, 3.77, 3.74, 4, 3.87, 3.75, 3.89, 
     3.65, 3.42, 3.32, 3.27, 3.34, 3.35, 3.09, 3.65, 3.53, 3.5, 3.63, 
     3.91, 3.73, 3.71, 4.18, 3.97, 4.06, 4.2, 3.59, 3.55, 3.27, 3.19, 
     3.6, 3.5, 3.55, 3.6, 3.75, 3.75, 3.75, 3.89, 3.87, 3.6, 3.68, 
     3.68, 3.56, 3.34, 4.02, 3.76, 3.6, 3.53, 3.95, 3.26, 3.73, 3.96, 
     3.7, 3.45, 3.5, 3.13, 4.02, 3.9, 3.73, 3.55, 3.71, 3.4, 3.49, 
     3.74, 3.61, 3.42, 3.46, 3.4, 3.38, 3.13, 3.9, 3.33, 3.25, 3.22, 
     3.35, 3.24, 3.16, 3.33, 3.12, 2.93, 2.84, 3.07, 3.02, 2.75, 3.81, 
     4, 3.57, 3.47, 3.52, 3.63, 3.45, 3.5, 3.71, 3.55, 3.13, 3.04, 
     3.31, 3.22, 2.92, 3.62, 3.22, 3.62, 3.02, 3.28, 3.15, 3.52, 3.22, 
     3.45, 3.51, 3.38, 3, 2.94, 3.52, 3.48, 3.02, 3.66, 3.66, 3.28, 
     3.1, 2.66, 3, 3.15, 3.01, 3.5, 3.29, 3.16, 3.33, 3.5, 3.46, 3.48, 
     3.98, 3.7, 3.36, 3.55, 4.44, 3.85, 3.55, 3.22, 3.4, 3.28, 3.42, 
     3.35, 3.01, 3.55, 3.7, 3.73, 3.65, 3.78, 3.82, 3.75, 3.95, 3.85, 
     3.72, 4.23, 3.75, 3.82, 3.6, 4.09, 3.84, 3.62, 3.36, 3.65, 3.41, 
     3.15, 3.68, 3.54, 3.75, 3.72, 4.05, 3.6, 3.88, 3.98, 3.82, 3.27, 
     3.33, 3.25, 2.97, 3.57, 3.43, 3.5, 3.58, 3.7, 3.55, 3.58, 3.7, 
     3.6, 3.42, 3.33, 3.53, 3.4, 3.53, 3.1, 3.9, 3.48, 3.35, 3.35, 
     3.65, 3.56, 3.27, 3.61, 3.66, 3.47, 3.34, 3.32, 3.22, 3.18, 4.47, 
     3.86, 3.34, 3.49, 3.74, 3.24, 3.71, 3.46, 3.88, 3.6, 4, 3.83, 
     3.8, 4.12, 3.98, 3.77, 3.52, 3.5, 3.42, 3.93, 3.79, 3.68, 3.58, 
     3.76, 3.66, 3.57, 3.85, 3.75, 3.37, 3, 3.24, 3.44, 3.23, 3.27, 
     3.84, 3.46, 3.44, 3.4, 3.5, 3.63, 3.47, 3.32, 3.47, 3.4, 3.27, 
     3.74, 3.76, 3.68, 3.68, 3.93, 3.8, 3.52, 3.32, 3.61, 3.25, 3.48, 
     3.58, 3.47, 3.6, 3.51, 3.74, 3.5, 3.08, 2.77, 3.22, 3.35, 3.14, 
     3.38, 3.38, 3.1, 3.09, 3.15, 2.77, 3.4, 3.25, 3.35, 3.57, 3.8, 
     3.7, 3.44, 3.51, 3.78, 3.52, 3.26, 3.52, 3.25, 3.8, 3.51, 3.19, 
     3.11, 3.35, 3.46, 3.2, 3.52, 3.66, 3.87, 3.85, 3.9, 4.06, 3.93, 
     3.4, 3.85, 3.93, 3.52, 3.62, 4.17, 3.71, 3.32, 3.1, 3.07, 3.11, 
     3.29, 3, 3.32, 3.25, 3.5, 3.31, 3.51, 3.54, 3.45, 3.59, 3.38, 
     3.44, 3.18, 4.59, 3.86, 3.62, 3.6, 3.65, 3.75, 3.71, 3.73, 3.62, 
     3.63, 3.4, 3.44, 3.45, 3.2, 4.07, 3.45, 3.56, 3.1, 3.92, 3.2, 
     3.28, 3.36, 3.28, 3.25, 2.99, 3.1, 3.05, 2.7, 4.32, 3.37, 3.47, 
     3.46, 3.31, 3.57, 3.38, 3.01, 3.66, 3.46, 3.21, 3.76, 3.44, 3.47, 
     3.45, 3.89, 3.65, 3.59, 3.8, 3.56, 3.14, 3.6, 3.36, 3.37, 3.44, 
     3.57, 3.55, 3.57, 3.68, 3.58, 3.65, 3.29, 3.53, 3.26, 2.89, 3.67, 
     3.33, 3.2, 2.72, 2.95, 3.07, 2.9, 3.56, 3.19, 3.35, 3.26, 3.4, 
     3.18, 3.43, 3.57, 3.49, 3.59, 3.27, 3.48, 4.15, 3.55, 3.27, 3.27, 
     3.65, 3.58, 3.55, 3.47, 3.48, 3.55, 3.3, 3.32, 3.22, 2.97, 3.51, 
     3.9, 2.75, 3.37, 3.51, 3.64, 3.55, 3.6, 3.7, 3.6, 3.65, 3.55, 
     3.3, 3.15, 2.9, 4.2, 3.31, 3.3, 3.32, 3.29, 3.17, 3.04, 3.09, 
     3.14, 3.04, 3.46, 3.12, 3.3, 3.09, 3.45, 3.47, 3.3, 3.45, 3.42, 
     4.12, 3.56, 3.58, 3.47, 3.2, 3.5, 3.4, 3.56, 3.02, 3.25, 3.44, 
     3.52, 3.72, 3.55, 3.65, 3.3, 3.35, 3.2, 2.84, 3.52, 3.64, 3.1, 
     3.19, 2.95, 2.75, 3.15, 3.2, 3.03, 3.53, 3.42, 3.46, 3.33, 3.53, 
     3.59, 4.42, 3.99, 3.88, 3.8, 4.08, 3.62, 3.55, 3.43, 3.13, 3.28, 
     3.13, 3.28, 3.02, 3.48, 3.34, 3.25, 3.38, 3.68, 3.4, 3.54, 3.66, 
     3.52, 3.4, 4.02, 3.45, 3.28, 3.31, 3.37, 3.26, 3.25, 3.48, 3.23, 
     3.03, 2.8, 3.17, 3.04, 3.05, 3.18, 3.12, 2.87, 3.04, 2.88, 3.08, 
     3.15, 3.22, 3.2, 3.46, 3.33, 3.26, 3.4, 3.36, 3.97, 3.2, 3.1, 
     3.19, 3.1, 4.11, 4.09, 3.54, 3.15, 3.57, 3.23, 3.1, 3.3, 3.6, 
     3.74, 3.55, 3.66, 3.68, 3.81, 3.97, 3.78, 3.41, 3.15, 3.32, 3.27, 
     3.1, 3.14, 2.8, 3.34, 3.11, 3.17, 3.15, 3.52, 3.35, 3.3, 3.55, 
     3.11, 2.94, 3.25, 3.05, 2.95, 3.27, 3.4, 3.5, 3.38, 3.29, 3.6, 
     3.5, 3.33, 3.66, 3.68, 3.2, 3.1, 3.32, 3.26, 3.08, 3.97, 3.6, 
     3.5, 3.5, 3.58, 3.58, 3.57, 3.65, 3.71, 3.37, 3.15, 3.2, 3.32, 
     3.01, 3.31, 3.42, 3.24, 3.38, 3.39, 3.7, 3.47, 3.49, 3.64, 3.5, 
     3.27, 2.95, 3.04, 3.21, 3.04, 4.12, 3.25, 3.14, 3, 3.2, 3.55, 
     3.45, 3.63, 3.5, 3.9, 3.3, 3.7, 3.92, 3.87, 3.25, 3.12, 3.04, 
     3.45, 3.38, 3.92, 3.55, 3.74, 3.46, 3.45, 3.48, 3.26, 3.6, 3.5, 
     2.86, 3.65, 3.17, 3.18, 3.05, 3.78, 3.4, 3.17, 3.28, 3.27, 3.69, 
     3.24, 3.3, 3.24, 2.91, 3, 2.85, 3.41, 3.3, 3.22, 3.55, 3.62, 
     3.59, 3.45, 4, 3.74, 3.48, 3.75, 3.78, 3.77, 3.7, 3.91, 3.94, 
     3.94, 3.1, 3.1, 3.3, 3.27, 4.37, 4.06, 3.77, 3.4, 3.3, 3.27, 
     3.05, 3.1, 3.72, 3.25, 3.55, 3.7, 3.65, 3.8, 3.78, 4.08, 4.1, 
     3.57, 3.79, 4.07, 3.35, 3.46, 3.2, 3.99, 3.54, 3.25, 3.3, 3.18, 
     3.21, 3.75, 3.67, 3.77, 3.76, 3.75, 3.92, 3.5, 3.69, 3.38, 3, 
     3.5, 3.09, 3.3, 3.07, 3.22, 2.97, 3.6, 3.42, 3.59, 3.77, 3.74, 
     3.7, 3.78, 3.78, 3.77, 3.53, 4.2, 3.35, 3.37, 3.07, 2.82, 3.05, 
     3.12, 2.85, 3.2, 3.38, 3.25, 3.26, 3.3, 3.17, 3.4, 3.41, 3.28, 
     3.42, 3.25, 3.31, 3.04, 2.8, 3.17, 2.92, 2.84, 2.87, 3.13, 2.87, 
     3.05, 3, 3.26, 3.22, 3.31, 3.2, 3.18, 3.09, 3.3, 3.12, 3.13, 
     3.34, 3.34, 3.25, 2.79, 3, 3.11, 3.27, 3.59, 3.28, 3.49, 3.6, 
     3.63, 3.6, 3.6, 3.1, 3.38, 3.34, 3.03, 3.73, 3.61, 3.82, 3.61, 
     3.45, 3.36, 3.02, 3.37, 3.44, 3, 3.42, 3.18, 3.37, 3.45, 3.64, 
     3.68, 3.56, 3.63, 3.46, 4.32, 3.7, 3.62, 3.5, 3.57, 3.28, 3.38, 
     3.4, 3.33, 3.45, 3.22, 3.28, 3.24, 2.93, 3.04, 2.89, 2.78, 2.84, 
     2.61, 3, 3.08, 3.12, 2.8, 3.25, 3.13, 3.15, 3.04, 2.95, 3.08, 
     2.76, 2.89, 2.75, 2.66, 3.84, 3.51, 3.39, 2.88, 3.41, 3.49, 3.3, 
     3.37, 3.47, 3.3, 3.21, 3.64, 3.55, 3.43, 3.17, 3.23, 3.15, 2.95, 
     3.98, 3.3, 3.02, 2.99, 2.84, 2.92, 3.08, 2.85, 3.17, 3.15, 3.15, 
     2.87, 3.07, 3.05, 3.1, 3.21, 3.13, 3.17, 2.78, 4.18, 4.12, 3.84, 
     3.65, 3.65, 3.54, 3.52, 3.41, 3.44, 3.32, 3.23, 2.7, 3.03, 2.88, 
     2.68, 4.2, 3.4, 3.55, 3.45, 3.45, 3.3, 3.25, 3.43, 3.38, 3.07, 
     2.94, 3.17, 3.18, 3, 4.1, 3.59, 3.52, 3.43, 3.33, 3.57, 3.9, 
     3.74, 3.51, 3.29, 3.31, 3.31, 3.22, 3.25, 3.75, 3.42, 3.38, 3.52, 
     2.72, 3.38, 3.75, 3.9, 3.76, 4.22, 3.14, 3.3, 3.35, 3.17, 3.34, 
     3, 3.1, 3.31, 3.3, 3.26, 3, 3.12, 3, 2.45, 2.55, 2.97, 2.79, 
     2.88, 3.5, 3.35, 3.05, 2.92, 2.83, 3.15, 3.03, 2.95, 3.35, 3.11, 
     2.57, 2.67, 3.04, 3.05, 2.87, 4.13, 3.12, 2.96, 2.86, 2.74, 3.24, 
     3.06, 2.86, 2.9, 3.2, 3.02, 2.87, 3.2, 3.14, 2.84, 2.75, 2.96, 
     2.9, 2.71, 3.21, 3.52, 3.43, 3.45, 3.48, 4.3, 3.96, 3.57, 3.29, 
     3.52, 3.35, 3.2, 3.9, 3.19, 3.53, 3.45, 3.31, 3.45, 2.83, 3.5, 
     3.6, 3.76, 3.6, 3.18, 3, 3.29, 3.15, 2.96, 3.5, 3.12, 3.33, 3.22, 
     3.2, 2.82, 2.74, 2.77, 3.02, 2.8, 3.08, 3.04, 3.17, 3.26, 3.51, 
     3.3, 3.26, 3.7, 3.4, 4.1, 3.42, 3.58, 3.11, 3.06, 3.1, 3.13, 
     3.01, 3.05, 3.05, 2.88, 3.52, 3.58, 3.36, 3.4, 3.58, 3.19, 3.29, 
     3.65, 2.69, 3.39, 3.2, 3.06, 3.46, 3.14, 3.05, 2.94, 2.88, 3, 
