### $Id: Oxboys.R,v 1.3 2000/07/03 18:22:45 bates Exp $
### Data on the height of a selection of boys from Oxford, England
### versus a standardized age.  These data are used in Goldstein, H. (1987),
### "Multilevel models in education and social research", Oxford U. Press.
"Oxboys" <-
  structure(list(
  Subject = structure(c(13, 13, 13, 13, 13, 13, 
    13, 13, 13, 5, 5, 5, 5, 5, 5, 5, 5, 5, 19, 19, 19, 19, 19, 19, 
    19, 19, 19, 26, 26, 26, 26, 26, 26, 26, 26, 26, 15, 15, 15, 15, 
    15, 15, 15, 15, 15, 6, 6, 6, 6, 6, 6, 6, 6, 6, 7, 7, 7, 7, 7, 
    7, 7, 7, 7, 11, 11, 11, 11, 11, 11, 11, 11, 11, 4, 4, 4, 4, 4, 
    4, 4, 4, 4, 1, 1, 1, 1, 1, 1, 1, 1, 1, 17, 17, 17, 17, 17, 17, 
    17, 17, 17, 22, 22, 22, 22, 22, 22, 22, 22, 22, 23, 23, 23, 23, 
    23, 23, 23, 23, 23, 24, 24, 24, 24, 24, 24, 24, 24, 24, 10, 10, 
    10, 10, 10, 10, 10, 10, 10, 9, 9, 9, 9, 9, 9, 9, 9, 9, 8, 8, 
    8, 8, 8, 8, 8, 8, 8, 14, 14, 14, 14, 14, 14, 14, 14, 14, 25, 
    25, 25, 25, 25, 25, 25, 25, 25, 12, 12, 12, 12, 12, 12, 12, 12, 
    12, 18, 18, 18, 18, 18, 18, 18, 18, 18, 21, 21, 21, 21, 21, 21, 
    21, 21, 21, 16, 16, 16, 16, 16, 16, 16, 16, 16, 20, 20, 20, 20, 
    20, 20, 20, 20, 20, 3, 3, 3, 3, 3, 3, 3, 3, 3, 2, 2, 2, 2, 2, 
    2, 2, 2, 2),
    .Label = c("10", "26", "25", "9", "2", "6", "7", 
      "17", "16", "15", "8", "20", "1", "18", "5", "23", "11", "21", 
      "3", "24", "22", "12", "13", "14", "19", "4"),
    class = c("ordered", "factor")),
age = c(-1, -0.7479, -0.463, -0.1643, -0.0027, 0.2466, 
  0.5562, 0.7781, 0.9945, -1, -0.7479, -0.463, -0.1643, -0.0027, 
  0.2466, 0.5562, 0.7781, 0.9945, -1, -0.7479, -0.463, -0.1643, 
  -0.0027, 0.2466, 0.5562, 0.7781, 0.9945, -1, -0.7479, -0.463, 
  -0.1643, -0.0027, 0.2466, 0.5562, 0.7781, 0.9945, -1, -0.7479, 
  -0.4493, -0.1643, -0.0027, 0.2466, 0.5562, 0.7781, 0.9973, -1, 
  -0.7479, -0.463, -0.1643, -0.0027, 0.2466, 0.5562, 0.7781, 0.9945, 
  -1, -0.7479, -0.4493, -0.1643, 0, 0.2466, 0.5562, 0.7945, 0.9945, 
  -1, -0.7479, -0.463, -0.1643, -0.0027, 0.2466, 0.5562, 0.7945, 
  1.0055, -1, -0.7479, -0.4493, -0.1643, -0.0027, 0.2466, 0.5562, 
  0.7945, 0.9945, -1, -0.7479, -0.463, -0.1643, -0.0027, 0.2466, 
  0.5562, 0.7781, 0.9945, -1, -0.7479, -0.463, -0.1643, -0.0027, 
  0.2466, 0.5562, 0.7781, 0.9945, -1, -0.7479, -0.463, -0.1643, 
  0, 0.2466, 0.5562, 0.7781, 0.9945, -1, -0.715, -0.463, -0.1643, 
  -0.0027, 0.2466, 0.5562, 0.7781, 0.9945, -1, -0.7479, -0.463, 
  -0.1643, 0, 0.2466, 0.5562, 0.7781, 0.9945, -1, -0.7479, -0.463, 
  -0.1643, -0.0027, 0.2466, 0.5562, 0.7781, 0.9945, -1, -0.7479, 
  -0.463, -0.1643, -0.0027, 0.2466, 0.5562, 0.7781, 0.9945, -1, 
  -0.7479, -0.463, -0.1643, -0.0027, 0.2466, 0.5562, 0.7781, 0.9945, 
  -1, -0.7479, -0.463, -0.1643, -0.0027, 0.2466, 0.5562, 0.7781, 
  0.9945, -1, -0.7479, -0.463, -0.1643, 0, 0.2466, 0.5562, 0.7781, 
  0.9945, -1, -0.7479, -0.463, -0.1643, -0.0027, 0.2466, 0.5562, 
  0.7781, 0.9945, -1, -0.7479, -0.463, -0.1643, -0.0027, 0.2466, 
  0.5562, 0.7781, 0.9945, -1, -0.7479, -0.463, -0.1643, -0.0027, 
  0.2466, 0.5562, 0.7781, 0.9945, -1, -0.7479, -0.463, -0.1643, 
  -0.0027, 0.2466, 0.5562, 0.7781, 0.9945, -1, -0.7479, -0.463, 
  -0.1643, -0.0027, 0.2466, 0.5562, 0.7781, 0.9945, -1, -0.7479, 
  -0.463, -0.1643, -0.0027, 0.2466, 0.5562, 0.7808, 0.9945, -1, 
  -0.7479, -0.463, -0.1643, -0.0027, 0.2466, 0.5562, 0.7781, 1.0055
  ),
height = c(140.5, 143.4, 144.8, 147.1, 147.7, 150.2, 151.7, 
  153.3, 155.8, 136.9, 139.1, 140.1, 142.6, 143.2, 144, 145.8, 
  146.8, 148.3, 150, 152.1, 153.9, 155.8, 156, 156.9, 157.4, 159.1, 
  160.6, 155.7, 158.7, 160.6, 163.3, 164.4, 167.3, 170.7, 172, 
  174.8, 145.8, 147.3, 148.7, 149.78, 150.22, 152.5, 154.8, 156.4, 
  158.7, 142.4, 143.8, 145.2, 146.3, 147.1, 148.1, 148.9, 149.1, 
  151, 141.3, 142.4, 144.3, 145.2, 146.1, 146.8, 147.9, 150.5, 
  151.8, 141.7, 143.7, 145.1, 147.9, 148.1, 149.6, 150.99, 154.1, 
  154.9, 132.7, 134.1, 135.3, 136.6, 137.5, 139.1, 140.9, 143.7, 
  144.7, 126.2, 128.2, 129, 129.4, 129.59, 130.6, 132.5, 133.4, 
  134.2, 142.5, 143.8, 145.6, 148.3, 149.4, 151.6, 154.8, 156.9, 
  159.2, 149.9, 151.7, 153.3, 156.1, 156.7, 157.8, 160.7, 162.7, 
  163.8, 148.9, 149.8, 151.7, 154.4, 155.5, 156.4, 161.4, 163.9, 
  164.6, 151.6, 153.2, 155.2, 157.3, 159.1, 160.9, 164.4, 166.9, 
  168.4, 137.5, 139.3, 140.9, 142.7, 144.2, 145.7, 147.09, 150.2, 
  152.3, 142.8, 144.9, 145, 146.7, 147.2, 148.9, 150.1, 151, 152.2, 
  134.9, 137.4, 138.2, 140.2, 143.6, 144.2, 147.9, 150.3, 151.8, 
  145.5, 146.2, 148.2, 150.3, 152, 152.3, 154.3, 156.2, 156.8, 
  156.9, 157.9, 160.3, 161.9, 163.8, 165.5, 169.9, 172.4, 174.4, 
  146.5, 148.4, 149.3, 151.2, 152.1, 152.4, 153.9, 154.9, 155.4, 
  143.9, 145.1, 147, 149.2, 149.8, 151.5, 153.17, 156.9, 159.6, 
  147.4, 148.8, 150.1, 152.5, 154.7, 156, 158.4, 161.5, 163.3, 
  144.5, 146, 147.4, 149.2, 150.8, 152.5, 155, 156.8, 158.8, 147.8, 
  148.2, 150.2, 151, 152.2, 153.6, 155.8, 159.2, 161.6, 135.5, 
  136.6, 137.3, 138.2, 139, 139.5, 141, 142.7, 143.9, 132.2, 134.3, 
  135.1, 136.7, 138.4, 138.9, 141.8, 142.6, 143.1),
Occasion = structure(c(1, 
  2, 3, 4, 5, 6, 7, 8, 9, 1, 2, 3, 4, 5, 6, 7, 8, 9, 1, 2, 3, 4, 
  5, 6, 7, 8, 9, 1, 2, 3, 4, 5, 6, 7, 8, 9, 1, 2, 3, 4, 5, 6, 7, 
  8, 9, 1, 2, 3, 4, 5, 6, 7, 8, 9, 1, 2, 3, 4, 5, 6, 7, 8, 9, 1, 
  2, 3, 4, 5, 6, 7, 8, 9, 1, 2, 3, 4, 5, 6, 7, 8, 9, 1, 2, 3, 4, 
  5, 6, 7, 8, 9, 1, 2, 3, 4, 5, 6, 7, 8, 9, 1, 2, 3, 4, 5, 6, 7, 
  8, 9, 1, 2, 3, 4, 5, 6, 7, 8, 9, 1, 2, 3, 4, 5, 6, 7, 8, 9, 1, 
  2, 3, 4, 5, 6, 7, 8, 9, 1, 2, 3, 4, 5, 6, 7, 8, 9, 1, 2, 3, 4, 
  5, 6, 7, 8, 9, 1, 2, 3, 4, 5, 6, 7, 8, 9, 1, 2, 3, 4, 5, 6, 7, 
  8, 9, 1, 2, 3, 4, 5, 6, 7, 8, 9, 1, 2, 3, 4, 5, 6, 7, 8, 9, 1, 
  2, 3, 4, 5, 6, 7, 8, 9, 1, 2, 3, 4, 5, 6, 7, 8, 9, 1, 2, 3, 4, 
  5, 6, 7, 8, 9, 1, 2, 3, 4, 5, 6, 7, 8, 9, 1, 2, 3, 4, 5, 6, 7, 
  8, 9),
  .Label = c("1", "2", "3", "4", "5", "6", "7", "8", "9"),
  class = c("ordered", "factor"))),
row.names = c("1", "2", 
"3", "4", "5", "6", "7", "8", "9", "10", "11", "12", "13", "14", 
"15", "16", "17", "18", "19", "20", "21", "22", "23", "24", "25", 
"26", "27", "28", "29", "30", "31", "32", "33", "34", "35", "36", 
"37", "38", "39", "40", "41", "42", "43", "44", "45", "46", "47", 
"48", "49", "50", "51", "52", "53", "54", "55", "56", "57", "58", 
"59", "60", "61", "62", "63", "64", "65", "66", "67", "68", "69", 
"70", "71", "72", "73", "74", "75", "76", "77", "78", "79", "80", 
"81", "82", "83", "84", "85", "86", "87", "88", "89", "90", "91", 
"92", "93", "94", "95", "96", "97", "98", "99", "100", "101", 
"102", "103", "104", "105", "106", "107", "108", "109", "110", 
"111", "112", "113", "114", "115", "116", "117", "118", "119", 
"120", "121", "122", "123", "124", "125", "126", "127", "128", 
"129", "130", "131", "132", "133", "134", "135", "136", "137", 
"138", "139", "140", "141", "142", "143", "144", "145", "146", 
"147", "148", "149", "150", "151", "152", "153", "154", "155", 
"156", "157", "158", "159", "160", "161", "162", "163", "164", 
"165", "166", "167", "168", "169", "170", "171", "172", "173", 
"174", "175", "176", "177", "178", "179", "180", "181", "182", 
"183", "184", "185", "186", "187", "188", "189", "190", "191", 
"192", "193", "194", "195", "196", "197", "198", "199", "200", 
"201", "202", "203", "204", "205", "206", "207", "208", "209", 
"210", "211", "212", "213", "214", "215", "216", "217", "218", 
"219", "220", "221", "222", "223", "224", "225", "226", "227", 
"228", "229", "230", "231", "232", "233", "234"),
class = c("nfnGroupedData", "nfGroupedData", "groupedData", "data.frame"),
formula = height ~ age | Subject,
labels = list(y = "Height", x = "Centered age"),
units = list(y = "(cm)"),
FUN = function (x) max(x, na.rm = TRUE),
order.groups = TRUE)
