### $Id: Phenobarb.R,v 1.3 2000/07/03 18:22:45 bates Exp $
### Data from a study of neonatal pharmacokinetics of Phenobarbital
### Grasela and Donn (1985), Dev. Pharm. and Therapeutics.  Also discussed
### in Davidian and Giltinan (1995).
"Phenobarb" <-
  structure(list(
  Subject = structure(c(32, 32, 32, 32, 32, 32, 32, 32, 32, 32, 32,
    32, 38, 38, 38, 38, 38, 38, 38, 38, 38, 38, 
    38, 38, 38, 38, 38, 11, 11, 11, 11, 11, 11, 11, 11, 11, 11, 11, 
    11, 11, 11, 11, 35, 35, 35, 35, 35, 35, 35, 35, 35, 35, 35, 35, 
    35, 35, 6, 6, 6, 6, 6, 6, 6, 6, 6, 6, 6, 6, 6, 6, 36, 36, 36, 
    36, 36, 36, 36, 36, 36, 36, 36, 36, 36, 36, 36, 19, 19, 19, 19, 
    19, 19, 19, 19, 19, 19, 19, 19, 19, 19, 19, 19, 47, 47, 47, 47, 
    47, 47, 47, 47, 47, 47, 47, 47, 47, 47, 47, 47, 44, 44, 44, 44, 
    44, 44, 44, 44, 44, 44, 44, 44, 44, 44, 44, 44, 44, 31, 31, 31, 
    31, 31, 31, 31, 31, 31, 31, 31, 31, 31, 31, 31, 12, 12, 12, 12, 
    12, 12, 43, 43, 43, 43, 43, 43, 43, 43, 43, 43, 43, 43, 43, 43, 
    43, 43, 54, 54, 54, 54, 54, 54, 54, 54, 54, 54, 54, 54, 54, 54, 
    54, 54, 18, 18, 18, 18, 18, 18, 18, 18, 18, 18, 18, 18, 18, 18, 
    18, 18, 18, 29, 29, 29, 29, 29, 29, 29, 29, 29, 29, 29, 29, 29, 
    29, 55, 55, 55, 55, 55, 55, 55, 55, 55, 55, 55, 55, 55, 55, 55, 
    55, 55, 55, 45, 45, 45, 45, 45, 45, 45, 45, 45, 45, 45, 45, 45, 
    45, 45, 45, 26, 26, 26, 26, 26, 26, 26, 26, 26, 26, 26, 26, 26, 
    26, 26, 26, 37, 37, 37, 37, 37, 37, 37, 37, 37, 37, 37, 37, 37, 
    37, 37, 37, 37, 42, 42, 42, 42, 42, 42, 42, 42, 42, 42, 42, 42, 
    42, 42, 42, 28, 28, 28, 28, 28, 28, 28, 28, 28, 28, 28, 28, 28, 
    28, 28, 28, 28, 14, 14, 14, 14, 14, 14, 14, 23, 23, 23, 23, 23, 
    23, 23, 23, 23, 23, 23, 23, 23, 23, 23, 58, 58, 58, 58, 58, 58, 
    58, 58, 58, 58, 58, 58, 58, 58, 58, 58, 58, 58, 51, 51, 51, 51, 
    51, 51, 51, 51, 51, 51, 51, 51, 51, 51, 51, 51, 51, 51, 51, 51, 
    46, 46, 46, 46, 46, 46, 46, 46, 46, 46, 46, 46, 39, 39, 39, 39, 
    39, 39, 39, 39, 39, 2, 2, 10, 10, 10, 10, 10, 3, 3, 3, 3, 3, 
    3, 3, 3, 3, 3, 3, 3, 3, 3, 3, 17, 17, 8, 8, 8, 8, 8, 8, 8, 8, 
    8, 8, 8, 21, 21, 21, 21, 21, 21, 21, 21, 25, 25, 25, 25, 25, 
    25, 25, 25, 25, 52, 52, 52, 52, 52, 52, 52, 52, 52, 52, 52, 27, 
    27, 27, 27, 27, 27, 27, 27, 27, 27, 27, 27, 27, 27, 27, 41, 41, 
    41, 41, 41, 41, 41, 41, 41, 41, 41, 41, 41, 41, 41, 41, 30, 30, 
    30, 30, 30, 30, 30, 30, 30, 30, 30, 30, 30, 30, 30, 30, 30, 30, 
    30, 49, 49, 49, 49, 49, 49, 49, 49, 49, 49, 49, 49, 49, 49, 49, 
    15, 15, 15, 15, 15, 20, 20, 20, 20, 20, 20, 20, 20, 20, 20, 1, 
    1, 1, 1, 1, 1, 1, 1, 1, 1, 9, 9, 22, 22, 22, 22, 22, 22, 22, 
    22, 22, 22, 22, 22, 22, 22, 22, 13, 13, 13, 13, 13, 13, 13, 13, 
    13, 13, 13, 13, 5, 5, 5, 16, 16, 16, 16, 16, 16, 57, 57, 57, 
    57, 57, 57, 57, 57, 57, 57, 57, 57, 57, 48, 48, 48, 48, 48, 48, 
    48, 48, 48, 48, 48, 48, 48, 48, 48, 48, 59, 59, 59, 59, 59, 59, 
    59, 59, 59, 59, 59, 59, 59, 59, 59, 59, 59, 59, 59, 34, 34, 34, 
    34, 34, 34, 34, 34, 34, 34, 34, 34, 34, 34, 34, 53, 53, 53, 53, 
    53, 53, 53, 53, 53, 53, 53, 53, 53, 53, 53, 53, 40, 40, 40, 40, 
    40, 40, 40, 40, 50, 50, 50, 50, 50, 50, 50, 50, 50, 50, 50, 50, 
    50, 50, 7, 7, 7, 7, 7, 7, 7, 7, 4, 4, 4, 24, 24, 24, 24, 24, 
    24, 24, 24, 24, 24, 24, 24, 33, 33, 33, 33, 33, 33, 33, 33, 33, 
    33, 33, 33, 33, 33, 33, 56, 56, 56, 56, 56, 56, 56, 56, 56, 56, 
    56, 56, 56, 56, 56, 56),
    .Label = c("42", "28", "30", "56", "46", 
      "5", "55", "32", "43", "29", "3", "11", "45", "22", "40", "47", 
      "31", "14", "7", "41", "33", "44", "23", "57", "34", "18", "36", 
      "21", "15", "38", "10", "1", "58", "51", "4", "6", "19", "2", 
      "27", "53", "37", "20", "12", "9", "17", "26", "8", "49", "39", 
      "54", "25", "35", "52", "13", "16", "59", "48", "24", "50"),
    class = c("ordered", "factor")),
Wt = c(1.4, 1.4, 1.4, 1.4, 1.4, 1.4, 1.4, 1.4, 1.4, 
  1.4, 1.4, 1.4, 1.5, 1.5, 1.5, 1.5, 1.5, 1.5, 1.5, 1.5, 1.5, 1.5, 
  1.5, 1.5, 1.5, 1.5, 1.5, 1.5, 1.5, 1.5, 1.5, 1.5, 1.5, 1.5, 1.5, 
  1.5, 1.5, 1.5, 1.5, 1.5, 1.5, 1.5, 0.9, 0.9, 0.9, 0.9, 0.9, 0.9, 
  0.9, 0.9, 0.9, 0.9, 0.9, 0.9, 0.9, 0.9, 1.4, 1.4, 1.4, 1.4, 1.4, 
  1.4, 1.4, 1.4, 1.4, 1.4, 1.4, 1.4, 1.4, 1.4, 1.2, 1.2, 1.2, 1.2, 
  1.2, 1.2, 1.2, 1.2, 1.2, 1.2, 1.2, 1.2, 1.2, 1.2, 1.2, 1, 1, 
  1, 1, 1, 1, 1, 1, 1, 1, 1, 1, 1, 1, 1, 1, 1.2, 1.2, 1.2, 1.2, 
  1.2, 1.2, 1.2, 1.2, 1.2, 1.2, 1.2, 1.2, 1.2, 1.2, 1.2, 1.2, 1.4, 
  1.4, 1.4, 1.4, 1.4, 1.4, 1.4, 1.4, 1.4, 1.4, 1.4, 1.4, 1.4, 1.4, 
  1.4, 1.4, 1.4, 1.4, 1.4, 1.4, 1.4, 1.4, 1.4, 1.4, 1.4, 1.4, 1.4, 
  1.4, 1.4, 1.4, 1.4, 1.4, 1.2, 1.2, 1.2, 1.2, 1.2, 1.2, 1.3, 1.3, 
  1.3, 1.3, 1.3, 1.3, 1.3, 1.3, 1.3, 1.3, 1.3, 1.3, 1.3, 1.3, 1.3, 
  1.3, 1.1, 1.1, 1.1, 1.1, 1.1, 1.1, 1.1, 1.1, 1.1, 1.1, 1.1, 1.1, 
  1.1, 1.1, 1.1, 1.1, 1.1, 1.1, 1.1, 1.1, 1.1, 1.1, 1.1, 1.1, 1.1, 
  1.1, 1.1, 1.1, 1.1, 1.1, 1.1, 1.1, 1.1, 1.3, 1.3, 1.3, 1.3, 1.3, 
  1.3, 1.3, 1.3, 1.3, 1.3, 1.3, 1.3, 1.3, 1.3, 1.2, 1.2, 1.2, 1.2, 
  1.2, 1.2, 1.2, 1.2, 1.2, 1.2, 1.2, 1.2, 1.2, 1.2, 1.2, 1.2, 1.2, 
  1.2, 1.1, 1.1, 1.1, 1.1, 1.1, 1.1, 1.1, 1.1, 1.1, 1.1, 1.1, 1.1, 
  1.1, 1.1, 1.1, 1.1, 1, 1, 1, 1, 1, 1, 1, 1, 1, 1, 1, 1, 1, 1, 
  1, 1, 1, 1, 1, 1, 1, 1, 1, 1, 1, 1, 1, 1, 1, 1, 1, 1, 1, 1.2, 
  1.2, 1.2, 1.2, 1.2, 1.2, 1.2, 1.2, 1.2, 1.2, 1.2, 1.2, 1.2, 1.2, 
  1.2, 1.8, 1.8, 1.8, 1.8, 1.8, 1.8, 1.8, 1.8, 1.8, 1.8, 1.8, 1.8, 
  1.8, 1.8, 1.8, 1.8, 1.8, 1.5, 1.5, 1.5, 1.5, 1.5, 1.5, 1.5, 3.1, 
  3.1, 3.1, 3.1, 3.1, 3.1, 3.1, 3.1, 3.1, 3.1, 3.1, 3.1, 3.1, 3.1, 
  3.1, 3.2, 3.2, 3.2, 3.2, 3.2, 3.2, 3.2, 3.2, 3.2, 3.2, 3.2, 3.2, 
  3.2, 3.2, 3.2, 3.2, 3.2, 3.2, 0.7, 0.7, 0.7, 0.7, 0.7, 0.7, 0.7, 
  0.7, 0.7, 0.7, 0.7, 0.7, 0.7, 0.7, 0.7, 0.7, 0.7, 0.7, 0.7, 0.7, 
  3.5, 3.5, 3.5, 3.5, 3.5, 3.5, 3.5, 3.5, 3.5, 3.5, 3.5, 3.5, 1.9, 
  1.9, 1.9, 1.9, 1.9, 1.9, 1.9, 1.9, 1.9, 3.2, 3.2, 1, 1, 1, 1, 
  1, 1.8, 1.8, 1.8, 1.8, 1.8, 1.8, 1.8, 1.8, 1.8, 1.8, 1.8, 1.8, 
  1.8, 1.8, 1.8, 1.4, 1.4, 3.6, 3.6, 3.6, 3.6, 3.6, 3.6, 3.6, 3.6, 
  3.6, 3.6, 3.6, 1.7, 1.7, 1.7, 1.7, 1.7, 1.7, 1.7, 1.7, 1.7, 1.7, 
  1.7, 1.7, 1.7, 1.7, 1.7, 1.7, 1.7, 2.5, 2.5, 2.5, 2.5, 2.5, 2.5, 
  2.5, 2.5, 2.5, 2.5, 2.5, 1.5, 1.5, 1.5, 1.5, 1.5, 1.5, 1.5, 1.5, 
  1.5, 1.5, 1.5, 1.5, 1.5, 1.5, 1.5, 1.2, 1.2, 1.2, 1.2, 1.2, 1.2, 
  1.2, 1.2, 1.2, 1.2, 1.2, 1.2, 1.2, 1.2, 1.2, 1.2, 1.3, 1.3, 1.3, 
  1.3, 1.3, 1.3, 1.3, 1.3, 1.3, 1.3, 1.3, 1.3, 1.3, 1.3, 1.3, 1.3, 
  1.3, 1.3, 1.3, 1.9, 1.9, 1.9, 1.9, 1.9, 1.9, 1.9, 1.9, 1.9, 1.9, 
  1.9, 1.9, 1.9, 1.9, 1.9, 1.1, 1.1, 1.1, 1.1, 1.1, 1.7, 1.7, 1.7, 
  1.7, 1.7, 1.7, 1.7, 1.7, 1.7, 1.7, 2.8, 2.8, 2.8, 2.8, 2.8, 2.8, 
  2.8, 2.8, 2.8, 2.8, 0.9, 0.9, 1.4, 1.4, 1.4, 1.4, 1.4, 1.4, 1.4, 
  1.4, 1.4, 1.4, 1.4, 1.4, 1.4, 1.4, 1.4, 0.8, 0.8, 0.8, 0.8, 0.8, 
  0.8, 0.8, 0.8, 0.8, 0.8, 0.8, 0.8, 1.1, 1.1, 1.1, 2.6, 2.6, 2.6, 
  2.6, 2.6, 2.6, 0.7, 0.7, 0.7, 0.7, 0.7, 0.7, 0.7, 0.7, 0.7, 0.7, 
  0.7, 0.7, 0.7, 1.3, 1.3, 1.3, 1.3, 1.3, 1.3, 1.3, 1.3, 1.3, 1.3, 
  1.3, 1.3, 1.3, 1.3, 1.3, 1.3, 1.1, 1.1, 1.1, 1.1, 1.1, 1.1, 1.1, 
  1.1, 1.1, 1.1, 1.1, 1.1, 1.1, 1.1, 1.1, 1.1, 1.1, 1.1, 1.1, 0.9, 
  0.9, 0.9, 0.9, 0.9, 0.9, 0.9, 0.9, 0.9, 0.9, 0.9, 0.9, 0.9, 0.9, 
  0.9, 0.9, 0.9, 0.9, 0.9, 0.9, 0.9, 0.9, 0.9, 0.9, 0.9, 0.9, 0.9, 
  0.9, 0.9, 0.9, 0.9, 1.7, 1.7, 1.7, 1.7, 1.7, 1.7, 1.7, 1.7, 1.8, 
  1.8, 1.8, 1.8, 1.8, 1.8, 1.8, 1.8, 1.8, 1.8, 1.8, 1.8, 1.8, 1.8, 
  1.1, 1.1, 1.1, 1.1, 1.1, 1.1, 1.1, 1.1, 0.6, 0.6, 0.6, 2.1, 2.1, 
  2.1, 2.1, 2.1, 2.1, 2.1, 2.1, 2.1, 2.1, 2.1, 2.1, 1.4, 1.4, 1.4, 
  1.4, 1.4, 1.4, 1.4, 1.4, 1.4, 1.4, 1.4, 1.4, 1.4, 1.4, 1.4, 1.1, 
  1.1, 1.1, 1.1, 1.1, 1.1, 1.1, 1.1, 1.1, 1.1, 1.1, 1.1, 1.1, 1.1, 
  1.1, 1.1),