### $Id: Wafer.R,v 1.1 2000/03/17 22:21:21 saikat Exp $
### Voltage versus intensity of current at 8 sites of 10 wafers
### from an experiment conducted at Lucent Technologies
"Wafer" <-
  structure(list
  (Wafer = structure(c(1, 1, 1, 1, 1, 1, 1, 1, 1, 
     1, 1, 1, 1, 1, 1, 1, 1, 1, 1, 1, 1, 1, 1, 1, 1, 1, 1, 1, 1, 1, 
     1, 1, 1, 1, 1, 1, 1, 1, 1, 1, 2, 2, 2, 2, 2, 2, 2, 2, 2, 2, 2, 
     2, 2, 2, 2, 2, 2, 2, 2, 2, 2, 2, 2, 2, 2, 2, 2, 2, 2, 2, 2, 2, 
     2, 2, 2, 2, 2, 2, 2, 2, 3, 3, 3, 3, 3, 3, 3, 3, 3, 3, 3, 3, 3, 
     3, 3, 3, 3, 3, 3, 3, 3, 3, 3, 3, 3, 3, 3, 3, 3, 3, 3, 3, 3, 3, 
     3, 3, 3, 3, 3, 3, 4, 4, 4, 4, 4, 4, 4, 4, 4, 4, 4, 4, 4, 4, 4, 
     4, 4, 4, 4, 4, 4, 4, 4, 4, 4, 4, 4, 4, 4, 4, 4, 4, 4, 4, 4, 4, 
     4, 4, 4, 4, 5, 5, 5, 5, 5, 5, 5, 5, 5, 5, 5, 5, 5, 5, 5, 5, 5, 
     5, 5, 5, 5, 5, 5, 5, 5, 5, 5, 5, 5, 5, 5, 5, 5, 5, 5, 5, 5, 5, 
     5, 5, 6, 6, 6, 6, 6, 6, 6, 6, 6, 6, 6, 6, 6, 6, 6, 6, 6, 6, 6, 
     6, 6, 6, 6, 6, 6, 6, 6, 6, 6, 6, 6, 6, 6, 6, 6, 6, 6, 6, 6, 6, 
     7, 7, 7, 7, 7, 7, 7, 7, 7, 7, 7, 7, 7, 7, 7, 7, 7, 7, 7, 7, 7, 
     7, 7, 7, 7, 7, 7, 7, 7, 7, 7, 7, 7, 7, 7, 7, 7, 7, 7, 7, 8, 8, 
     8, 8, 8, 8, 8, 8, 8, 8, 8, 8, 8, 8, 8, 8, 8, 8, 8, 8, 8, 8, 8, 
     8, 8, 8, 8, 8, 8, 8, 8, 8, 8, 8, 8, 8, 8, 8, 8, 8, 9, 9, 9, 9, 
     9, 9, 9, 9, 9, 9, 9, 9, 9, 9, 9, 9, 9, 9, 9, 9, 9, 9, 9, 9, 9, 
     9, 9, 9, 9, 9, 9, 9, 9, 9, 9, 9, 9, 9, 9, 9, 10, 10, 10, 10, 
     10, 10, 10, 10, 10, 10, 10, 10, 10, 10, 10, 10, 10, 10, 10, 10, 
     10, 10, 10, 10, 10, 10, 10, 10, 10, 10, 10, 10, 10, 10, 10, 10, 
     10, 10, 10, 10),
     .Label = c("1", "2", "3", "4", "5", "6", "7", "8", "9", "10"),
     class = "factor"),
   Site = structure(.Data = c(1, 1, 1, 1, 1, 2, 
     2, 2, 2, 2, 3, 3, 3, 3, 3, 4, 4, 4, 4, 4, 5, 5, 5, 5, 5, 
     6, 6, 6, 6, 6, 7, 7, 7, 7, 7, 8, 8, 8, 8, 8, 1, 1, 1, 1, 
     1, 2, 2, 2, 2, 2, 3, 3, 3, 3, 3, 4, 4, 4, 4, 4, 5, 5, 5, 
     5, 5, 6, 6, 6, 6, 6, 7, 7, 7, 7, 7, 8, 8, 8, 8, 8, 1, 1, 
     1, 1, 1, 2, 2, 2, 2, 2, 3, 3, 3, 3, 3, 4, 4, 4, 4, 4, 5, 
     5, 5, 5, 5, 6, 6, 6, 6, 6, 7, 7, 7, 7, 7, 8, 8, 8, 8, 8, 
     1, 1, 1, 1, 1, 2, 2, 2, 2, 2, 3, 3, 3, 3, 3, 4, 4, 4, 4, 
     4, 5, 5, 5, 5, 5, 6, 6, 6, 6, 6, 7, 7, 7, 7, 7, 8, 8, 8, 
     8, 8, 1, 1, 1, 1, 1, 2, 2, 2, 2, 2, 3, 3, 3, 3, 3, 4, 4, 
     4, 4, 4, 5, 5, 5, 5, 5, 6, 6, 6, 6, 6, 7, 7, 7, 7, 7, 8, 
     8, 8, 8, 8, 1, 1, 1, 1, 1, 2, 2, 2, 2, 2, 3, 3, 3, 3, 3, 
     4, 4, 4, 4, 4, 5, 5, 5, 5, 5, 6, 6, 6, 6, 6, 7, 7, 7, 7, 
     7, 8, 8, 8, 8, 8, 1, 1, 1, 1, 1, 2, 2, 2, 2, 2, 3, 3, 3, 
     3, 3, 4, 4, 4, 4, 4, 5, 5, 5, 5, 5, 6, 6, 6, 6, 6, 7, 7, 
     7, 7, 7, 8, 8, 8, 8, 8, 1, 1, 1, 1, 1, 2, 2, 2, 2, 2, 3, 
     3, 3, 3, 3, 4, 4, 4, 4, 4, 5, 5, 5, 5, 5, 6, 6, 6, 6, 6, 
     7, 7, 7, 7, 7, 8, 8, 8, 8, 8, 1, 1, 1, 1, 1, 2, 2, 2, 2, 
     2, 3, 3, 3, 3, 3, 4, 4, 4, 4, 4, 5, 5, 5, 5, 5, 6, 6, 6, 
     6, 6, 7, 7, 7, 7, 7, 8, 8, 8, 8, 8, 1, 1, 1, 1, 1, 2, 2, 
     2, 2, 2, 3, 3, 3, 3, 3, 4, 4, 4, 4, 4, 5, 5, 5, 5, 5, 6, 
     6, 6, 6, 6, 7, 7, 7, 7, 7, 8, 8, 8, 8, 8),
     .Label = c("1", "2", "3", "4", "5", "6", "7", "8"),
     class = "factor"),
   voltage = c(0.8, 1.2, 1.6, 2, 2.4, 0.8, 1.2, 1.6, 2, 2.4, 0.8, 1.2,
     1.6, 2, 2.4, 0.8, 1.2, 1.6, 2, 2.4, 0.8, 1.2, 1.6, 2, 2.4, 0.8,
     1.2, 1.6, 2, 2.4, 0.8, 1.2, 1.6, 2, 2.4, 0.8, 1.2, 1.6, 2, 2.4,
     0.8, 1.2, 1.6, 2, 2.4, 0.8, 1.2, 1.6, 2, 2.4, 0.8, 1.2, 1.6, 2,
     2.4, 0.8, 1.2, 1.6, 2, 2.4, 0.8, 1.2, 1.6, 2, 2.4, 0.8, 1.2, 1.6,
     2, 2.4, 0.8, 1.2, 1.6, 2, 2.4, 0.8, 1.2, 1.6, 2, 2.4, 0.8, 1.2,
     1.6, 2, 2.4, 0.8, 1.2, 1.6, 2, 2.4, 0.8, 1.2, 1.6, 2, 2.4, 0.8,
     1.2, 1.6, 2, 2.4, 0.8, 1.2, 1.6, 2, 2.4, 0.8, 1.2, 1.6, 2, 2.4,
     0.8, 1.2, 1.6, 2, 2.4, 0.8, 1.2, 1.6, 2, 2.4, 0.8, 1.2, 1.6, 2,
     2.4, 0.8, 1.2, 1.6, 2, 2.4, 0.8, 1.2, 1.6, 2, 2.4, 0.8, 1.2, 1.6,
     2, 2.4, 0.8, 1.2, 1.6, 2, 2.4, 0.8, 1.2, 1.6, 2, 2.4, 0.8, 1.2,
     1.6, 2, 2.4, 0.8, 1.2, 1.6, 2, 2.4, 0.8, 1.2, 1.6, 2, 2.4, 0.8,
     1.2, 1.6, 2, 2.4, 0.8, 1.2, 1.6, 2, 2.4, 0.8, 1.2, 1.6, 2, 2.4,
     0.8, 1.2, 1.6, 2, 2.4, 0.8, 1.2, 1.6, 2, 2.4, 0.8, 1.2, 1.6, 2,
     2.4, 0.8, 1.2, 1.6, 2, 2.4, 0.8, 1.2, 1.6, 2, 2.4, 0.8, 1.2, 1.6,
     2, 2.4, 0.8, 1.2, 1.6, 2, 2.4, 0.8, 1.2, 1.6, 2, 2.4, 0.8, 1.2,
     1.6, 2, 2.4, 0.8, 1.2, 1.6, 2, 2.4, 0.8, 1.2, 1.6, 2, 2.4, 0.8,
     1.2, 1.6, 2, 2.4, 0.8, 1.2, 1.6, 2, 2.4, 0.8, 1.2, 1.6, 2, 2.4,
     0.8, 1.2, 1.6, 2, 2.4, 0.8, 1.2, 1.6, 2, 2.4, 0.8, 1.2, 1.6, 2,
     2.4, 0.8, 1.2, 1.6, 2, 2.4, 0.8, 1.2, 1.6, 2, 2.4, 0.8, 1.2, 1.6,
     2, 2.4, 0.8, 1.2, 1.6, 2, 2.4, 0.8, 1.2, 1.6, 2, 2.4, 0.8, 1.2,
     1.6, 2, 2.4, 0.8, 1.2, 1.6, 2, 2.4, 0.8, 1.2, 1.6, 2, 2.4, 0.8,
     1.2, 1.6, 2, 2.4, 0.8, 1.2, 1.6, 2, 2.4, 0.8, 1.2, 1.6, 2, 2.4,
     0.8, 1.2, 1.6, 2, 2.4, 0.8, 1.2, 1.6, 2, 2.4, 0.8, 1.2, 1.6, 2,
     2.4, 0.8, 1.2, 1.6, 2, 2.4, 0.8, 1.2, 1.6, 2, 2.4, 0.8, 1.2, 1.6,
     2, 2.4, 0.8, 1.2, 1.6, 2, 2.4, 0.8, 1.2, 1.6, 2, 2.4, 0.8, 1.2,
     1.6, 2, 2.4, 0.8, 1.2, 1.6, 2, 2.4, 0.8, 1.2, 1.6, 2, 2.4, 0.8,
     1.2, 1.6, 2, 2.4, 0.8, 1.2, 1.6, 2, 2.4, 0.8, 1.2, 1.6, 2, 2.4,
     0.8, 1.2, 1.6, 2, 2.4, 0.8, 1.2, 1.6, 2, 2.4),