### $Id: Wheat2.R,v 1.1 2000/03/17 22:21:21 saikat Exp $
### Data on yield of 56 varieties of wheat from a RCB design
### SAS System for Mixed Models (1996), p. 321
"Wheat2" <-
  structure(list(
  Block = structure(c(4, 4, 4, 4, 4, 4, 4, 4, 4, 
    4, 4, 4, 4, 4, 4, 4, 4, 4, 4, 4, 4, 4, 4, 4, 4, 4, 4, 4, 4, 4, 
    4, 4, 4, 4, 4, 4, 4, 4, 4, 4, 4, 4, 4, 4, 4, 4, 4, 4, 4, 4, 4, 
    4, 4, 4, 4, 4, 2, 2, 2, 2, 2, 2, 2, 2, 2, 2, 2, 2, 2, 2, 2, 2, 
    2, 2, 2, 2, 2, 2, 2, 2, 2, 2, 2, 2, 2, 2, 2, 2, 2, 2, 2, 2, 2, 
    2, 2, 2, 2, 2, 2, 2, 2, 2, 2, 2, 2, 2, 2, 2, 2, 2, 2, 2, 3, 3, 
    3, 3, 3, 3, 3, 3, 3, 3, 3, 3, 3, 3, 3, 3, 3, 3, 3, 3, 3, 3, 3, 
    3, 3, 3, 3, 3, 3, 3, 3, 3, 3, 3, 3, 3, 3, 3, 3, 3, 3, 3, 3, 3, 
    3, 3, 3, 3, 3, 3, 3, 3, 3, 3, 3, 3, 1, 1, 1, 1, 1, 1, 1, 1, 1, 
    1, 1, 1, 1, 1, 1, 1, 1, 1, 1, 1, 1, 1, 1, 1, 1, 1, 1, 1, 1, 1, 
    1, 1, 1, 1, 1, 1, 1, 1, 1, 1, 1, 1, 1, 1, 1, 1, 1, 1, 1, 1, 1, 
    1, 1, 1, 1, 1),
    .Label = c("4", "2", "3", "1"),
    class = c("ordered", "factor")),
  variety = structure(c(12, 2, 50, 7, 1, 14, 15, 16, 
    4, 52, 8, 18, 20, 17, 21, 22, 5, 49, 11, 55, 23, 10, 13, 24, 
    25, 26, 27, 54, 6, 3, 28, 29, 30, 31, 51, 56, 53, 9, 19, 32, 
    33, 34, 35, 36, 37, 38, 39, 40, 41, 42, 43, 44, 45, 46, 47, 48, 
    4, 22, 7, 29, 34, 37, 17, 5, 19, 35, 42, 48, 1, 12, 54, 50, 56, 
    39, 26, 3, 51, 28, 52, 27, 30, 20, 11, 9, 47, 40, 6, 31, 18, 
    14, 36, 53, 10, 24, 41, 16, 33, 38, 15, 8, 43, 49, 46, 21, 55, 
    13, 25, 23, 2, 44, 45, 32, 31, 13, 42, 34, 16, 49, 50, 11, 8, 
    28, 56, 54, 5, 48, 32, 46, 24, 43, 6, 53, 37, 9, 12, 36, 23, 
    7, 44, 38, 20, 19, 26, 55, 45, 1, 52, 33, 22, 27, 21, 10, 14, 
    25, 29, 47, 39, 30, 2, 3, 15, 35, 40, 4, 17, 41, 51, 18, 32, 
    33, 41, 36, 4, 25, 34, 8, 12, 15, 31, 53, 44, 3, 21, 2, 26, 51, 
    56, 14, 7, 39, 29, 40, 49, 52, 42, 19, 5, 48, 30, 38, 27, 13, 
    11, 23, 22, 28, 37, 35, 9, 16, 46, 1, 6, 50, 17, 47, 18, 45, 
    24, 55, 43, 20, 54, 10),
    .Label = c("ARAPAHOE", "BRULE", "BUCKSKIN", "CENTURA",
      "CENTURK78", "CHEYENNE", "CODY", "COLT", "GAGE", "HOMESTEAD",    
      "KS831374", "LANCER", "LANCOTA", "NE83404", "NE83406", "NE83407", 
      "NE83432", "NE83498", "NE83T12", "NE84557", "NE85556", "NE85623", 
      "NE86482", "NE86501", "NE86503", "NE86507", "NE86509", "NE86527", 
      "NE86582", "NE86606", "NE86607", "NE86T666", "NE87403", "NE87408", 
      "NE87409", "NE87446", "NE87451", "NE87457", "NE87463", "NE87499", 
      "NE87512", "NE87513", "NE87522", "NE87612", "NE87613", "NE87615", 
      "NE87619", "NE87627", "NORKAN", "REDLAND", "ROUGHRIDER", "SCOUT66", 
      "SIOUXLAND", "TAM107", "TAM200", "VONA"),
    class = "factor"), 
  yield = c(29.25, 31.55, 35.05, 30.1, 33.05, 30.25, 35.2, 
    19.4, 24.35, 25.55, 25.1, 24.6, 25.45, 13.4, 31.65, 25.65, 
    31.6, 22.3, 34.2, 21.1, 28, 28.3, 25.7, 31.75, 42, 30.9, 
    32.9, 24.05, 28.2, 29.85, 29, 20.9, 26.3, 25.85, 23.95, 25.3, 
    27.1, 25.65, 25.2, 18.4, 21.85, 27, 31.55, 30.5, 31.95, 30.55, 
    27.25, 29.9, 32.8, 27.85, 24.3, 28.15, 26.95, 25.1, 30.25, 
    20.15, 27.8, 28.45, 22.75, 26.7, 25.65, 27.45, 31, 24.9, 
    25.65, 32.4, 31.2, 27.6, 34.65, 28.5, 29.45, 30.55, 26.8, 
    23.85, 27.4, 30.1, 24.75, 25.35, 26, 25, 29.35, 28.6, 26.7, 
    25.25, 33.75, 22.3, 28.05, 34.55, 37.4, 29, 31.2, 37.1, 29.5, 
    31.35, 20.2, 26.4, 25.65, 31.9, 31.05, 30.75, 27.15, 30.3, 
    31.7, 30.5, 24.35, 26.1, 29.95, 32.8, 28.15, 32.7, 36.9, 
    18.4, 31.15, 26.95, 30.8, 21.9, 29.6, 24.25, 27.1, 21.05, 
    23.95, 27.3, 30, 34.5, 33.1, 28.2, 25.8, 33.95, 30.35, 18.9, 
    33.9, 33.75, 33.95, 25, 28.1, 25, 30.3, 16.85, 17.1, 9.55, 
    1.5, 12.75, 22.15, 19.2, 23.55, 25.05, 33.25, 24, 31.75, 
    24.05, 38.45, 25.85, 32.8, 35.1, 31.05, 33.15, 29, 32.15, 
    40.9, 18, 2.15, 3.75, 2.95, 8.7, 11.05, 12.35, 22.45, 26.9, 
    23.55, 29, 27.65, 24, 25.75, 23.55, 30.65, 28.2, 28.4, 28.7, 
    25.75, 22.5, 9.25, 24.3, 4.95, 3.7, 14.7, 13.6, 12.3, 17.5, 
    15.15, 23.55, 19.5, 26.5, 20.8, 25.3, 17.4, 22.65, 31.6, 
    16.95, 31.25, 23.65, 25.45, 27.45, 14.55, 6.05, 1.05, 6.4, 
    5.1, 17.8, 22.15, 15.35, 12, 25, 22.1, 29.3, 23.45, 27.9, 
    31.6, 30.2, 30.3, 20.3, 29.65, 26.55, 25.6, 26.9),
  latitude = c(4.3, 
    4.3, 4.3, 4.3, 4.3, 4.3, 4.3, 8.6, 8.6, 8.6, 8.6, 8.6, 8.6, 
    8.6, 8.6, 8.6, 8.6, 8.6, 8.6, 8.6, 8.6, 8.6, 8.6, 8.6, 8.6, 
    8.6, 8.6, 8.6, 8.6, 12.9, 12.9, 12.9, 12.9, 12.9, 12.9, 12.9, 
    12.9, 12.9, 12.9, 12.9, 12.9, 12.9, 12.9, 12.9, 12.9, 12.9, 
    12.9, 12.9, 12.9, 12.9, 12.9, 17.2, 17.2, 17.2, 17.2, 17.2, 
    17.2, 17.2, 17.2, 17.2, 17.2, 17.2, 17.2, 17.2, 17.2, 17.2, 
    17.2, 17.2, 17.2, 17.2, 17.2, 17.2, 21.5, 21.5, 21.5, 21.5, 
    21.5, 21.5, 21.5, 21.5, 21.5, 21.5, 21.5, 21.5, 21.5, 21.5, 
    21.5, 21.5, 21.5, 21.5, 21.5, 21.5, 21.5, 21.5, 25.8, 25.8, 
    25.8, 25.8, 25.8, 25.8, 25.8, 25.8, 25.8, 25.8, 25.8, 25.8, 
    25.8, 25.8, 25.8, 25.8, 25.8, 25.8, 25.8, 25.8, 25.8, 30.1, 
    30.1, 30.1, 30.1, 30.1, 30.1, 30.1, 30.1, 30.1, 30.1, 30.1, 
    30.1, 30.1, 30.1, 30.1, 30.1, 30.1, 30.1, 30.1, 30.1, 30.1, 
    30.1, 34.4, 34.4, 34.4, 34.4, 34.4, 34.4, 34.4, 34.4, 34.4, 
    34.4, 34.4, 34.4, 34.4, 34.4, 34.4, 34.4, 34.4, 34.4, 34.4, 
    34.4, 34.4, 34.4, 38.7, 38.7, 38.7, 38.7, 38.7, 38.7, 38.7, 
    38.7, 38.7, 38.7, 38.7, 38.7, 38.7, 38.7, 38.7, 38.7, 38.7, 
    38.7, 38.7, 38.7, 38.7, 43, 43, 43, 43, 43, 43, 43, 43, 43, 
    43, 43, 43, 43, 43, 43, 43, 43, 43, 43, 43, 43, 43, 47.3, 
    47.3, 47.3, 47.3, 47.3, 47.3, 47.3, 47.3, 47.3, 47.3, 47.3, 
    47.3, 47.3, 47.3, 47.3, 47.3, 47.3, 47.3, 47.3, 47.3, 47.3, 
    47.3),
  longitude = c(19.2, 20.4, 21.6, 22.8, 24, 25.2, 26.4, 
    1.2, 2.4, 3.6, 4.8, 6, 7.2, 8.4, 9.6, 10.8, 12, 13.2, 14.4, 
    15.6, 16.8, 18, 19.2, 20.4, 21.6, 22.8, 24, 25.2, 26.4, 1.2, 
    2.4, 3.6, 4.8, 6, 7.2, 8.4, 9.6, 10.8, 12, 13.2, 14.4, 15.6, 
    16.8, 18, 19.2, 20.4, 21.6, 22.8, 24, 25.2, 26.4, 1.2, 2.4, 
    3.6, 4.8, 6, 8.4, 9.6, 10.8, 12, 13.2, 14.4, 15.6, 16.8, 
    18, 19.2, 20.4, 21.6, 22.8, 24, 25.2, 26.4, 1.2, 2.4, 3.6, 
    4.8, 6, 7.2, 8.4, 9.6, 10.8, 12, 13.2, 14.4, 15.6, 16.8, 
    18, 19.2, 20.4, 21.6, 22.8, 24, 25.2, 26.4, 1.2, 2.4, 3.6, 
    4.8, 6, 7.2, 8.4, 9.6, 10.8, 12, 13.2, 14.4, 15.6, 16.8, 
    18, 19.2, 20.4, 21.6, 24, 25.2, 26.4, 1.2, 2.4, 3.6, 4.8, 
    6, 7.2, 8.4, 9.6, 10.8, 12, 13.2, 14.4, 15.6, 16.8, 18, 19.2, 
    20.4, 21.6, 22.8, 24, 25.2, 26.4, 1.2, 2.4, 3.6, 4.8, 6, 
    7.2, 8.4, 9.6, 10.8, 12, 13.2, 14.4, 15.6, 16.8, 18, 19.2, 
    20.4, 21.6, 22.8, 24, 25.2, 26.4, 1.2, 2.4, 3.6, 4.8, 6, 
    7.2, 8.4, 9.6, 10.8, 13.2, 14.4, 15.6, 16.8, 18, 19.2, 20.4, 
    21.6, 22.8, 24, 25.2, 26.4, 1.2, 2.4, 3.6, 4.8, 6, 7.2, 8.4, 
    9.6, 10.8, 12, 13.2, 14.4, 15.6, 16.8, 18, 19.2, 20.4, 21.6, 
    22.8, 24, 25.2, 26.4, 1.2, 2.4, 3.6, 4.8, 6, 7.2, 8.4, 9.6, 
    10.8, 12, 13.2, 14.4, 15.6, 16.8, 18, 19.2, 20.4, 21.6, 22.8, 
    24, 25.2, 26.4)),
row.names = 1:224,
class = c("nffGroupedData", "nfGroupedData", "groupedData", "data.frame"),
formula = yield ~ variety | Block,
labels = list(y = "Yield", x = "Variety"),
FUN = function (x) max(x, na.rm = TRUE),
order.groups = TRUE)
